0
0
0
0
0
0
0
0
0
0
240
340
150
230
370
740
530
330
510
1300
840
740
550
770
710
770
1000
930
770
980
1820
1460
1150
1510
1370
1350
1380
1200
1360
1770
1380
2150
1840
1770
1300
1640
2430
1890
1980
2150
1820
1950
1580
2110
2220
2050
2680
2260
2070
2400
2270
2560
2470
1840
2540
2880
2350
2570
2540
2560
2350
2150
2750
2900
2830
2970
3280
3270
3000
3020
3140
2790
2530
3090
3560
3460
3170
3760
3510
3410
3920
4480
3410
3670
3650
4060
3480
3180
4130
4530
4420
3810
4930
4490
4390
4020
5290
4700
4210
4920
4410
5370
4040
5180
5520
4680
5200
4540
4330
5220
5680
4350
5770
4720
6090
5180
5540
5260
4830
5960
6010
5110
6030
6410
5440
5510
6080
5120
5400
5630
6520
6050
5500
6500
5860
6280
7110
5910
5760
6040
6530
7060
6210
7250
5980
6810
7380
6050
7020
6420
7050
6870
7790
7580
6560
6480
8020
6470
7290
6920
7330
6730
6990
8220
8260
8210
7080
7780
6920
7390
7280
8390
8010
7250
8620
7020
8030
7500
9220
7800
8600
7760
8820
7280
7480
8580
8350
7760
9690
8040
8350
8930
8800
9410
8020
8180
8650
8830
10100
9280
8610
9200
8460
8770
10030
10640
9770
8730
10410
9070
9560
10530
9240
9380
10970
9200
9010
9050
9740
0
10300
9720
11170
9880
10940
170
9740
10530
9790
10240
9350
9930
11680
10300
680
10620
0
9520
0
11920
0
10410
0
220
0
11180
0
1150
0
420
340
420
640
11380
11500
410
580
720
360
1620
460
840
0
12390
700
1240
780
1920
1160
1400
1060
1480
920
1030
1320
0
2350
1410
630
1310
1750
320
1590
1300
1650
1870
2700
910
1680
1550
2190
1500
1960
3080
1970
1070
2800
2390
2260
1250
1860
1810
2410
2990
2710
3570
2570
1420
2030
1600
2140
2850
2620
3810
3590
1940
1980
2940
3170
3140
2410
3560
2490
3800
2140
3330
2650
2980
4320
3640
3530
2800
4740
3880
2620
2880
3750
3930
3750
4790
3740
4480
3270
2900
8440
3650
5760
4740
4640
4530
5160
3830
4290
3860
3290
9340
6080
5440
5080
5060
4880
4210
4400
3560
9890
4810
5430
5870
4710
7080
5990
4990
4110
4570
6110
6240
5920
5050
6420
10400
7390
4810
6400
5660
5320
4830
4960
7920
5840
6490
6750
7350
7730
11210
5750
5180
5530
8530
6710
7260
8050
5980
8090
7010
11660
6400
5660
8260
9060
7230
7930
8470
7240
6540
6740
11930
8730
6180
7560
8830
6910
9760
6890
7900
12130
8480
6560
9810
8090
9380
7240
7330
10420
12800
8240
8960
7700
8570
10490
7710
9870
10850
7570
13940
7640
9860
8790
10720
7970
8940
9980
10120
7810
9120
8060
8210
11300
11050
14320
10260
9140
9470
14440
10350
8800
9250
10470
11600
8870
11850
9440
0
8990
9940
14860
12080
0
9300
9910
0
12170
10530
15130
10690
460
12410
0
940
10920
10240
0
12480
1810
0
800
12670
320
330
0
11810
1640
2120
11040
690
610
0
2070
0
840
440
1960
2470
2320
860
11320
390
2510
2280
970
380
1190
11480
1160
3110
600
2930
1110
2830
650
0
2590
3290
1930
1690
1360
160
880
3090
3820
3550
1020
2250
3070
2080
1770
420
3850
3500
1420
1610
4580
3180
2470
4150
2350
4030
4440
2330
5110
2110
3470
2780
2820
1030
4860
4800
4460
2950
3150
5670
2570
5000
3970
1260
2970
3120
4660
5360
3200
2890
3800
6150
1790
3470
4880
5230
6040
4160
2070
5760
3410
6510
3970
5460
6370
3660
3600
2600
6000
4690
6300
3790
4450
7170
3900
7220
3110
6390
4690
6540
5250
4030
6300
7760
5420
7450
4850
7050
4590
5040
3640
6810
6740
5880
8340
7380
7970
5970
6620
4050
5060
7270
7450
6240
8600
4390
7020
8060
7260
7590
8510
5450
6760
7420
9070
8060
9030
7530
5260
9210
7720
8040
8600
9720
7280
6140
9360
7840
7740
5740
8830
6280
7390
9930
10050
8670
8560
7950
9980
6050
10210
6780
8290
9210
8080
10290
9210
10410
9040
9390
6430
10650
7320
8560
10680
9520
10980
10950
6720
9830
9330
8650
9710
7730
11130
9550
11160
7330
8890
11590
8300
9740
10780
10040
12270
11570
10250
8000
8810
12490
11420
12360
11750
10020
10190
10520
8170
0
11830
9470
10260
10660
11760
0
8570
13090
0
310
12120
9910
11240
11290
8860
11100
12450
13770
690
670
10500
9480
1130
0
11740
1000
13220
0
0
9730
1210
10960
0
580
1810
10060
1660
830
1570
330
12680
1370
1900
0
0
2360
1170
1250
1860
0
800
2350
480
2120
2900
2460
340
1760
290
990
2350
550
3220
2750
930
2530
450
1220
2950
2640
2480
2880
940
3080
3850
2850
1410
2730
1970
1140
3600
1140
3360
3040
1910
2170
2980
1330
4290
3750
3290
2250
2520
4430
1580
4840
3440
3800
2280
4020
4800
2630
5100
3950
2260
3650
2550
4280
2730
5000
3130
4710
2570
2900
2930
4620
5750
4320
4750
5320
2890
5110
4810
5960
4320
4820
3850
3620
6740
6510
3780
5420
6120
5220
4960
4320
6020
6940
4050
6970
5350
5770
4150
6660
7330
5230
6590
5290
4590
5840
4710
7010
6460
7570
6790
5800
7850
5580
6220
7360
7770
5550
5020
6960
6150
6480
8310
8300
7520
6540
6050
8610
8600
8460
6820
8310
6730
6610
5990
8720
9110
6540
6960
9030
8920
6550
7180
7380
9690
8920
9240
6920
9470
7490
9940
7440
7760
7980
9730
9980
9940
10480
7740
7900
7510
10240
8370
10130
8150
10310
10660
8040
8810
10450
8250
11290
8890
10580
10650
10840
9020
9140
8450
11140
9290
11650
9380
11080
11360
11480
8970
9560
11700
9530
11920
11280
9910
9990
11770
0
12120
9260
10580
12070
12320
340
10400
9620
10600
12220
10750
600
10920
0
0
12430
10900
12610
10760
11170
11470
1730
590
450
11160
11400
12880
11810
11460
13620
990
0
11840
2310
12100
12190
13250
12100
0
200
1080
1340
13750
3000
13580
12860
0
0
3240
1780
650
690
1840
13790
0
13480
3520
400
1090
790
2370
210
3730
2290
0
0
1300
1320
2770
1350
4050
630
1690
1880
370
1520
1800
2810
4440
2250
3430
2150
1800
790
1420
3370
2530
2530
2470
4880
1120
2630
3980
1750
2250
3840
2880
2810
5140
3780
4780
1740
5320
2910
3210
4150
3720
2300
4100
3300
5140
5700
4370
2610
2550
3860
4200
5080
4900
2810
6140
4050
4440
2960
4870
6440
5360
4340
6340
3100
4370
5050
5890
4880
4000
3470
7020
7160
5430
5840
4780
5320
5310
5040
5990
7430
7590
6750
4680
5250
4050
6750
5740
5580
7910
7070
6460
8000
4610
5750
6160
5420
7540
7790
6390
6020
8290
6800
6940
5480
7840
6870
6170
8890
8570
8950
7340
7150
7520
6930
6100
9080
8740
9360
7200
8180
7380
7940
10230
7520
9310
7720
8710
6960
9840
10570
7640
9930
8820
9950
8130
10220
7530
11530
9340
10430
10030
8130
9990
10330
10470
9850
9200
10920
11960
10830
8140
8490
10900
10220
9510
0
11030
11200
11490
8750
10530
9080
11060
11720
11390
12160
10620
820
11240
9400
11140
12070
9740
1040
11380
12410
10940
12680
9800
10120
12200
12640
12680
1680
11420
11870
11990
10170
13190
10380
12360
12970
12980
11730
1950
12230
10550
12310
11870
13320
13470
14040
10930
0
2730
12170
13590
13020
11200
230
0
14050
13050
11560
12610
0
11770
13610
12990
12320
1200
570
14130
15200
4220
0
930
15760
1170
12810
14940
0
1970
0
5060
16420
0
1390
1600
290
5530
2510
0
0
1040
3130
2340
900
2300
2040
7520
3280
2340
2120
2580
1000
3650
3610
2020
7980
2470
3150
3110
3200
4220
1700
3830
2440
8470
3720
4550
3170
5890
3920
2430
8710
4010
4750
2960
4500
4550
3590
4160
6160
8930
4230
2750
5190
3750
5500
5230
4690
4760
7360
3250
4010
4520
5770
9820
5850
5130
8050
6050
5550
4230
6190
6660
8430
10440
5760
5730
4930
6540
4680
6360
7100
9150
10800
5560
7380
6420
7530
6750
5110
7160
8040
7160
7450
11690
6260
9870
5840
8130
8200
7910
8530
7680
9360
6790
6510
8980
8930
10780
8270
12630
6910
9170
7090
9320
9010
9280
12930
10100
9100
11980
9880
7710
7680
9790
13650
10540
10600
12300
9520
10180
10000
8030
8550
10930
10420
10290
11810
13100
10520
10020
15090
8790
8980
11350
12190
10400
10820
15460
11070
11710
14110
9260
9670
11920
12620
11170
11510
12250
11080
14580
16160
9810
10140
13970
14880
11370
14650
12530
13490
10470
12830
11860
17050
13130
14480
11900
14400
15410
10740
13140
16800
14870
13700
0
14740
13140
12620
15840
11100
14080
12790
11370
17360
13990
16110
16360
13930
14570
760
13080
16420
11720
17690
0
16720
1020
14460
15150
13780
12430
16950
17240
18480
650
1470
17490
16140
17600
15020
12940
17660
19130
14610
17820
13310
0
18010
16690
15880
18120
1920
2460
0
15390
0
670
16480
18620
17200
2330
360
3530
400
18900
15600
0
1120
17800
800
19780
1570
0
2890
240
5720
0
0
1210
260
2250
0
2550
950
3810
590
670
6460
1050
1500
470
2970
3910
2460
1540
1080
6960
5950
2030
1580
4230
2040
5840
7420
2020
4090
7150
3390
2360
6170
5350
3400
2250
8420
2860
5210
2760
3620
4830
6850
3260
8550
2800
7180
6340
4060
3360
3510
9830
8790
5500
7560
3180
6690
4420
6910
3660
5850
9590
10540
4110
3880
7300
8520
5320
7820
4670
4390
6350
10940
8830
10590
8370
5750
6070
5960
5610
7520
11840
8520
10950
9170
8000
6020
9600
6440
6720
7260
13260
9970
9730
12320
6750
8270
7140
6990
9990
10030
13610
12680
8230
7140
7550
8750
10410
10840
7670
13010
8560
10510
14130
9070
11020
10720
7660
13180
10900
8490
14480
9490
11100
11430
8140
9590
9640
13640
11720
11670
10120
11660
8640
15040
10350
14140
12480
12060
9520
10490
10600
14570
12470
12780
12360
10660
11080
15760
9940
10950
13020
9430
14960
11290
12820
12740
16200
11210
13510
13010
13330
12180
11990
10510
10950
15990
17290
13760
10810
12340
13700
13320
14250
11500
14050
16770
12560
11160
18270
13230
13790
11910
14950
15360
12940
13600
17780
19110
12690
14620
12620
13630
14080
15490
18440
14980
16200
14980
0
12910
13030
16430
14540
0
0
13780
1380
13500
14800
15730
18310
17380
1030
1000
13960
18780
17490
17810
15030
3110
16650
1740
15460
1850
0
3930
14810
0
20220
3040
18850
17530
16570
860
1220
15580
3470
0
4580
5600
18180
19820
240
1990
0
5390
1750
0
4110
2170
6900
18900
0
570
5750
1080
2370
0
1280
5740
1350
3450
510
1190
7710
6840
1580
3090
1980
7850
3930
1200
6420
2270
7620
2540
3280
8260
4030
1440
2560
4750
7990
3630
3430
2980
3240
7780
5350
2360
9350
4080
9550
5670
5710
4230
3970
8390
3840
3150
10040
5000
4770
4520
6490
4620
10520
11570
9120
6630
5100
5620
4800
4110
5400
11920
9490
5830
7080
10940
8040
6280
4560
12820
5760
11160
6570
6580
4940
7750
8740
12110
7240
6910
7960
13660
5430
7380
12180
12540
7720
7310
8520
7220
9930
7700
12870
14440
5930
8070
7540
8860
13120
7720
8220
11470
8050
8030
13420
6540
9010
13890
14980
9520
13990
8500
6960
8670
9370
15620
12950
15190
10270
10380
9740
16010
9610
8040
15570
14250
10920
10400
11060
11460
16590
8670
16860
14660
10620
16310
11440
11930
11950
11240
10960
17200
9410
12430
11520
18190
15610
17650
12750
12880
10010
12110
12110
13110
18020
21800
18950
13070
16040
13370
10330
12460
18830
16590
14330
15760
13980
20360
13490
11810
24220
13910
17310
19590
16570
21080
14600
15780
14500
24720
14470
20060
12970
16890
21530
18330
25230
16380
15580
15630
17540
0
0
25650
15950
19000
14090
17420
17870
17020
450
440
14490
17920
17920
750
18350
16660
26330
17410
850
20630
14940
18210
1190
18830
1200
20980
17730
0
19040
15250
27530
1490
18870
1580
19260
15500
21480
0
570
19070
1740
0
0
2130
0
0
0
19680
520
470
1360
2720
500
1860
780
2980
2070
0
990
1060
1810
3370
1740
1410
3700
2270
1510
660
3590
4170
3490
4100
2590
2250
1830
4180
2910
4200
4570
3800
2600
2410
2270
3290
3250
4590
4820
4610
5560
3060
4960
4570
3350
3070
4100
3370
6820
5830
5680
4870
3550
5890
5440
3480
4540
3720
5030
7120
6170
3860
7470
6710
6310
5360
5650
4390
4400
6770
5030
6620
6040
6050
7650
7890
8260
5260
5670
7030
6930
7530
6740
6580
7380
8740
9020
6200
7510
6270
8970
6670
8010
7520
9490
8410
8170
9410
7150
7390
7080
7930
9970
8570
10710
8690
7790
7630
10860
7650
9320
9020
8420
8870
8220
9480
8740
8200
11690
11030
8360
9320
9900
12010
11380
12090
8870
9950
8790
9650
10760
12840
11910
11350
9480
13340
11220
11310
12260
13170
10790
10730
10080
9900
13240
11020
13450
14030
11990
12690
11060
10230
12190
14040
14040
10630
11320
12460
13340
11730
14580
12920
10950
14460
11610
14470
12760
13200
11250
11160
15280
14940
13250
15130
12250
12990
12100
13960
17210
15350
16130
13590
12790
12610
13310
16010
13000
18140
14620
13840
16530
13640
13940
16820
15110
16590
13900
0
14010
0
13600
19290
14320
15460
14910
17060
14270
13990
14690
15590
14470
820
19950
810
14250
0
15170
15000
1200
15940
20500
18160
550
15780
15010
15800
1510
15650
1680
800
21510
17510
0
2000
18230
19160
16670
0
2300
21870
2500
1560
0
920
0
19870
680
3450
560
18290
3260
1430
22850
0
880
3390
1450
18550
1770
3660
360
0
1240
4490
1490
2240
3870
1830
4150
0
330
690
2660
2330
1860
4470
510
2130
660
5260
4560
3250
1200
890
5530
2780
3030
3890
1130
5270
1670
3740
5910
6260
1720
5640
3780
3450
2520
3520
4440
4810
2190
4350
7820
3740
8090
4050
6230
2500
3870
5760
3930
5000
4440
6510
8550
8480
5840
2890
4460
4820
9050
9040
4730
7800
3360
5220
6010
7690
6410
5330
9520
3800
5200
9440
8300
5700
6530
6790
5840
8390
8920
6930
5770
6170
4820
8690
11130
10690
8940
6510
7450
9380
5390
6930
11290
7120
5740
9450
6860
12110
10070
8570
10120
12440
12240
7640
6260
8510
10180
8980
7620
10720
8100
13090
11690
9350
15130
7240
9610
8530
12020
10940
11400
13540
7700
10060
9050
13900
15870
11930
11370
10930
8150
9480
13070
9570
11850
14700
11020
16590
8900
14180
12840
10880
15190
12660
11420
14500
17160
9400
12070
10350
13370
15570
11940
12500
12320
13740
17610
14990
10160
14190
12810
16600
12750
14270
18100
11640
13190
0
15880
13200
18700
15290
12620
13720
15460
660
14240
12150
16680
20120
14070
12920
15940
16930
14730
1300
0
20620
14740
13470
13200
14870
16720
17680
15890
15270
1080
21440
15380
2640
16090
17270
17910
14310
0
14760
15650
1560
0
2940
18250
14620
15060
16520
16000
330
650
2070
18570
14970
3530
16010
17030
1040
2440
0
16640
19010
1390
0
4390
2820
17620
17120
0
1670
19370
710
1790
450
3180
17980
340
4800
0
770
3440
1360
2620
2920
0
20340
700
5800
1960
1090
300
0
1070
3280
1810
3410
4220
6070
2300
2590
1090
970
4020
4480
6430
1820
1990
4240
2920
2840
1640
4770
1380
7170
2730
5090
4850
2050
5250
1850
3690
3180
5250
3110
5590
7740
3670
4180
2440
5670
3650
8140
6320
4760
6630
3180
3010
5870
4820
7020
6880
5630
8880
3740
6130
5280
7390
3880
7580
7470
6450
6140
6220
7220
10300
4840
5400
6840
8190
8320
6580
7550
5510
7370
9640
8440
7960
11850
9520
6070
10090
6140
7550
8330
11130
8870
12680
6420
8060
6670
10860
10420
9100
12040
8880
13110
11150
9970
7190
9900
7630
11830
9100
13040
10330
10240
7680
9540
12550
10360
14610
13450
12740
8530
10820
11610
10090
10750
13230
8540
13420
15320
14940
11130
9040
12210
10500
15780
9020
13890
13990
9250
11630
15310
9300
12750
16170
13210
14230
14430
15720
11090
9770
13560
12490
13050
14620
14720
10270
17050
11520
16050
12930
14200
13500
15030
15210
12030
11750
11100
16630
13510
17850
11480
0
12200
15150
12840
17310
14500
0
500
13110
14700
16620
16020
12410
13510
420
15110
18490
1070
16330
17210
13590
930
14290
15830
15350
19420
16880
13920
14130
16290
2450
1600
14740
0
18290
14470
16490
15190
15250
17880
630
17200
19270
3050
18740
15640
4000
16020
19070
0
16470
3690
1270
16220
0
0
16570
19170
17010
590
1930
490
0
600
4700
17480
970
19950
17690
5300
5480
2250
1330
0
720
17870
0
2210
2710
5850
1700
0
6380
400
350
2600
1300
3370
6320
2230
3250
430
1630
780
7200
3610
3150
4070
3340
1290
3960
7470
3510
3750
4400
1200
2520
8120
1640
3890
7750
8500
1780
4270
4190
3100
5350
4520
8320
2360
4610
5160
9020
4690
2240
4810
3710
9490
3290
6640
5330
5100
6630
3310
10590
5830
4340
4230
6170
10780
5600
7810
11900
4160
9170
5080
5040
7120
6610
7110
12160
12910
8840
5810
9830
7570
6260
6240
8140
6100
10130
7840
16430
16920
10030
8090
8530
6750
10680
17570
10370
6520
7030
17350
7230
9160
8880
8950
11540
7750
11060
18420
9680
7850
8180
10060
18360
19160
12600
12430
10550
8280
10480
8550
11180
10040
13090
19320
12990
8840
20220
11710
9310
13530
12220
12280
11510
21470
13920
9720
11410
21890
12880
21930
14300
12670
12340
13250
14910
14770
22690
10610
14100
13930
22950
24000
15050
16080
14110
12670
15700
14670
12260
24640
14710
24440
13060
16280
15330
16410
17320
15280
13040
13470
15570
17630
25440
25470
17260
16290
17800
18020
17530
16030
14290
0
26270
18940
16710
14360
14820
390
18830
0
19430
18510
16890
17530
20300
19230
15260
700
1470
15470
17490
20100
21360
19410
21100
16770
18010
19170
16180
2360
20180
3900
0
21870
21040
17750
20340
19690
18980
0
24020
3100
20930
850
5020
18660
21230
3570
0
0
21670
1220
21120
5690
2280
640
20280
580
1690
23380
4300
5940
0
21900
20540
1630
0
2960
1370
2360
5070
2150
7050
1070
0
22850
1610
3620
7560
1900
2160
2770
6300
4660
700
0
4310
8170
2780
2470
2850
6760
2170
3650
7140
3120
1130
3070
5770
8960
7290
3660
1420
2580
8000
4710
9380
6420
3810
8250
8550
5030
3550
5080
7210
5940
2280
5480
8790
9140
4000
4530
11070
5630
9470
7290
3430
11080
5190
7160
5140
8300
12070
6640
7980
12400
10210
5720
11570
6080
4790
8690
9050
10790
6470
12960
12180
5180
9080
9420
9340
9210
11120
9370
12710
13410
9700
7580
10400
10570
12200
10250
7350
14030
9970
12580
10620
13630
7910
8800
10440
10930
11290
14500
12090
14350
11550
13960
9370
8820
12140
12160
13070
14700
11880
14170
15400
9680
12460
9260
13440
15140
12510
12850
13720
16270
13610
13370
10090
14860
13170
12950
10740
16340
16450
14020
14030
13280
13560
13780
16420
11050
12220
14470
13830
17210
17340
15090
14900
11440
12590
14080
15130
14540
17500
18000
12000
12920
15960
18360
16280
15760
15220
15310
18800
18770
16480
18700
13650
13240
17320
16680
15980
19130
16210
17300
17030
20070
0
17700
15000
0
15830
17420
17340
17070
970
18810
19290
15400
390
21810
16410
17550
19270
18440
940
1850
15940
20080
17990
22510
19550
17080
18950
18340
1660
23030
19020
3180
21450
16800
20190
18790
18350
0
2540
0
20060
20580
22240
3990
17500
20430
3020
1250
0
20550
870
4380
0
4500
1880
22720
560
1260
4830
18970
21300
900
960
2280
25370
0
5680
22230
2710
6920
2420
26110
1810
2900
0
23170
6260
3430
3360
2040
7810
26760
24320
1160
3620
2950
2650
4110
4480
0
4190
0
8170
1710
6850
2870
3610
4640
5050
8390
580
5200
8040
1010
3530
8880
5740
5390
4690
3040
4170
5530
9170
4970
1650
9060
3190
6270
6690
4790
6300
2360
9910
3560
4440
10380
6990
3840
7460
6720
10910
3330
7220
7530
7450
5010
10960
3660
7120
4360
11300
8540
11260
7930
7940
5430
11620
4110
8270
5140
11840
8960
8550
8080
12660
5850
4710
8490
12100
8890
5650
9990
9160
13380
8470
6470
5230
8910
9370
12490
10410
9790
9200
6880
6170
9500
15380
6690
10880
11050
10120
10150
7060
10170
10390
14250
16120
12420
8000
10660
8140
10680
12630
14700
12800
11210
8410
16930
10840
7850
11540
8770
15390
11620
13190
13310
17350
8900
11270
11890
8330
9440
12310
9310
13870
13890
12400
8780
9920
12070
16040
12780
18720
9850
12960
14230
12670
9600
14600
10530
13580
19330
13340
14560
13160
10020
10470
17110
10790
14000
15120
19880
13980
14900
11110
11020
14400
0
15480
13810
20240
15140
11160
11560
14350
14070
15880
640
12230
15570
0
14440
15360
12300
12120
15690
16750
12800
1520
15740
610
14770
12610
12680
16940
17080
1950
13390
15440
990
0
13290
13450
0
16660
17910
0
2510
340
1830
14300
310
410
17140
14330
18370
14710
2960
980
2430
870
700
0
14840
14810
3470
1260
1220
15630
15260
2860
0
390
1670
2940
15710
220
670
15640
1730
4160
2140
16620
2410
16030
710
1040
2190
16100
16860
3860
2930
4830
0
1380
0
1780
3450
4700
4010
18050
5340
2130
1970
4450
460
4280
740
4060
5910
2530
5390
2710
4850
4770
20040
1170
2840
6970
5590
2030
5270
3470
5230
6540
0
7550
5960
4070
2280
6140
6300
2990
7870
6490
8510
3880
4570
2660
1820
6640
6760
2880
3770
5100
2470
8780
7130
9300
7440
4860
8120
3030
3340
9230
5470
4670
7760
7740
10200
8680
3480
5040
5340
4030
5980
10600
8470
8490
3740
4340
5850
10840
10910
8780
8820
6590
9470
4750
11230
7440
11130
6170
9170
4690
9850
10280
7530
9400
5580
11610
8090
11670
10180
9750
7850
7370
11060
5580
10660
8860
6470
12710
12290
10150
7970
6680
11000
6200
9290
9210
12000
12910
7050
13900
8540
7030
10380
11800
13450
11680
14460
10750
9380
7950
7470
13460
11140
14870
12550
12460
11250
14800
8170
8920
12940
14540
15500
10850
12070
8710
9270
12550
13220
15560
17010
11890
14350
12590
12980
10260
16390
0
17540
14880
14980
13480
9870
430
13390
17570
14040
10910
15460
10970
13780
17900
18510
11430
15860
16360
15240
15260
11430
1360
0
14410
17020
18800
16730
0
15740
15840
12010
14770
1900
13190
500
0
0
0
16200
16190
2220
320
1470
16490
360
14190
16500
14280
1710
630
1890
16890
2770
710
14540
3210
14620
16820
14810
900
3100
2580
1400
15330
17400
17370
15080
3850
3890
1850
17690
0
1900
3440
0
4990
4540
4560
18370
1130
2250
16610
4740
4310
5390
2780
2710
18910
16870
740
5120
5770
5020
5820
1000
5930
1960
3310
0
17460
3550
5660
5720
3900
1570
7050
330
17860
2510
4260
6490
2040
4490
18670
6710
6830
6910
5240
8090
3580
1380
5290
7150
7050
7290
0
5480
4130
3630
2000
7610
9310
4510
8110
4010
8580
1090
6170
7910
2850
9840
4930
1430
7890
6670
8710
3270
5080
9450
8470
11250
7180
2150
9350
9180
7590
7680
6150
9820
5380
10250
9200
2940
12250
9720
8130
8000
5980
10360
6680
3430
10950
12760
8360
9950
8770
7150
10990
6720
13360
4390
10610
11710
12750
13770
11520
10330
8040
5050
9430
7820
11930
13700
12040
14310
10950
15000
11560
10310
12560
6510
12430
11320
8780
14550
15130
13050
10880
15570
11950
12870
7250
15360
9550
17100
14180
12310
11320
10110
7920
13960
12510
16450
16410
11730
14610
13600
18220
10440
14300
12860
16840
10140
14410
19390
17900
11010
15490
14010
17580
10670
13570
14840
14970
18080
19900
14670
0
11760
11130
15480
0
19930
20240
18930
12130
15450
530
16130
20670
990
20430
12160
16740
15920
20790
14270
17020
1580
16990
21250
1580
12710
16310
22120
17390
17450
2060
14720
16620
22580
2170
13650
23000
22610
0
23040
18220
3190
2650
0
18020
3730
240
15740
3120
1390
18830
0
23700
14910
16240
4160
3590
1090
360
19340
2410
18920
15570
16680
4680
0
820
1600
4130
19750
19490
5140
3540
1090
16030
17350
420
4980
0
1520
5630
20730
2750
16890
4030
17900
410
5500
6020
2050
17230
4510
3500
1660
18230
5780
0
6320
0
4960
2050
2840
1290
17910
4690
2580
5320
450
440
6610
1700
7350
18150
5080
4080
1950
18270
3170
7100
810
6010
2360
7760
3630
0
2450
8140
1600
7670
2980
5550
6780
7220
3040
8640
2010
3640
6760
9000
2840
9030
6830
7970
2450
3700
7320
7910
9560
4030
8600
6170
7670
3760
4180
8300
8180
9030
11010
6560
4510
8080
13950
4630
8720
9320
5440
7080
14400
10030
5070
8510
11760
9420
7630
6210
10410
6400
15080
12270
9380
10770
7930
12510
15470
9690
6530
11140
7050
10610
7460
8440
11180
16060
10270
13420
11630
10890
7450
11580
9010
8110
8080
13850
12310
11470
16700
7940
11670
12340
8600
8630
17250
9870
13110
12200
14360
12380
12990
9340
9060
10100
10470
18190
12810
15040
13610
13160
9420
13090
10170
15400
14450
11830
10900
9700
0
10440
13910
14780
13960
0
15130
11570
12920
10770
14290
14190
660
15270
10490
330
15800
15540
13330
14590
15210
2060
16150
870
13060
13760
12730
15930
11770
16400
12980
2790
13500
16320
2210
14260
12220
17420
16950
17250
3600
14300
12540
15410
14870
3010
17400
18810
0
12960
15700
4860
3310
18750
15960
15650
19510
5090
0
13410
3880
670
16120
16470
19950
5630
19740
16950
16560
1420
0
1400
6040
15720
17180
20110
17380
5600
1990
430
1890
6510
17270
6080
16130
17760
0
18230
2790
17790
6460
1090
7740
0
18500
580
2670
0
19380
3190
880
7230
3470
8380
19440
19960
710
1340
3880
8630
1030
19710
4010
7620
2320
1890
9550
20980
8530
2380
2040
22510
3310
4880
5160
8920
2770
10400
2710
0
3030
26320
3860
5780
6170
10770
9890
3550
4280
3790
26820
6480
1670
6280
3940
10120
4080
11380
2130
5180
5230
0
4600
11710
7560
7170
11010
5690
2590
5810
430
12110
6180
8620
6230
860
7070
8280
12120
3480
8940
13470
7470
9030
6900
3880
13780
7570
3080
9480
7890
14120
13510
8070
9500
8760
10060
7430
5120
13910
4380
7830
8770
14800
10320
8690
9890
10740
6070
14450
9310
9210
8670
11140
11820
5640
9590
10910
6940
16760
12260
15420
10310
9450
10360
6520
15600
11370
7570
12750
17540
10800
9770
15960
13670
0
13090
12330
14130
11700
11380
10400
8620
13600
560
7580
12700
14300
11490
11900
10650
8960
17800
14010
11770
8230
11060
1130
9340
13850
8360
15400
0
13350
9500
12230
11450
14820
8890
14400
860
12310
12510
3210
14210
9930
9140
16470
15150
14560
12570
10110
1270
17020
3730
13350
13310
16430
15910
13680
11080
0
14100
10660
2010
4840
17760
14750
17840
11720
17420
530
2540
11270
15220
18280
14800
12260
5440
17830
18870
3100
15540
18650
1060
12490
18240
12140
5930
0
20420
13000
1710
18690
3820
0
19890
12810
20880
13460
6820
410
4460
19360
2460
1580
20850
13930
650
0
7440
2910
4900
13630
970
370
20460
14620
2210
5270
22390
9090
4100
14360
2240
6240
16060
24040
2060
4430
21470
3270
2930
15070
10450
6930
3070
22060
15440
10730
5490
0
7410
24700
4140
15790
0
4410
340
5990
0
7910
16200
4230
4560
4850
520
12910
380
6420
16830
13260
5180
810
4900
2000
5530
8470
6950
1110
5170
13840
6290
8790
18140
2050
7320
2730
6350
5710
14140
9070
3700
3060
7690
2360
18630
7150
6130
9360
3310
6420
7450
0
7500
3440
15260
4700
9890
7790
8800
3720
510
3810
8020
15700
8960
7410
8260
10270
5390
4220
16100
4030
1780
8320
5870
10130
4670
10960
9200
8820
16720
9980
3240
5090
5650
9430
11870
10260
17390
11410
7350
9920
11490
6460
4200
12400
10830
6920
11860
7560
6880
12890
4740
7440
12100
12050
11380
8000
18840
11370
5000
12570
7790
19270
8070
5400
14360
9060
12800
12990
14640
12470
8790
0
13400
9770
20220
9180
9480
6800
15260
14200
13740
570
13190
0
10440
10020
14550
13650
10800
420
1840
16230
12530
8440
14650
10560
11780
15590
16910
2630
1470
15060
13360
11260
2800
15360
10150
15770
18100
16580
12850
14520
5530
12280
3810
16800
17160
11540
0
18070
13210
4430
6570
0
13720
7060
14340
18170
16080
18910
12810
5230
14110
920
18850
7910
15140
1960
1740
16870
19660
15090
6680
15130
20180
8880
2820
2500
20270
16530
7280
9100
16700
15630
19140
2890
2720
21410
16240
21060
9590
17990
17610
0
4330
22530
21350
8830
18480
4480
0
18600
11770
18930
9440
22150
19180
5310
5070
1360
0
13980
19750
1900
10370
19890
23590
5670
330
20070
2280
6020
15490
6590
11450
24270
1480
4190
11690
21250
16260
21290
6950
7470
3430
26000
2610
4700
17710
12470
22290
8380
0
8200
5500
3410
27050
13300
18960
4950
23750
9640
9160
1610
6320
4000
13870
9940
19720
0
5860
10310
24830
7000
14620
2730
20290
10520
10680
6410
25280
4650
610
15110
7660
3180
25610
6640
940
5210
11190
15350
21400
8070
0
11150
5670
1320
7720
4330
11400
420
8430
16610
25060
7990
6590
12220
870
1930
11980
5290
25350
17500
12490
6970
8880
5480
12790
2780
25860
12830
7250
9590
2110
26230
10770
7630
7120
13630
19020
10140
3640
3100
13810
8050
11180
19530
14000
28630
8230
14270
10530
4320
0
8510
4400
11780
8290
4650
30060
11710
15340
5040
0
9140
860
15630
12400
9880
12130
270
15750
9420
6980
10270
12860
5710
9930
640
16330
2680
5970
13320
17980
7780
16700
11350
13600
13690
18370
13050
2350
14040
4900
6990
17660
8730
13490
11990
14350
7330
17990
2920
5480
9030
13890
19690
12370
14710
0
15460
3710
6100
8040
15290
21200
15550
10180
16020
4080
850
13440
7110
9260
22150
16140
16290
10760
16880
4960
14370
0
17030
2470
11990
11060
8490
19030
18610
6070
730
15650
3830
9020
0
12510
11980
19380
20140
1520
16500
19840
12550
7110
13050
20460
1930
890
10310
13120
7500
4620
0
17040
2870
13820
21090
11740
2200
14020
5810
4010
1050
14530
17830
8030
21790
3100
12790
14760
1560
6850
4610
9360
19160
15340
0
13440
4140
3050
15720
320
10190
13870
7690
15980
5940
3430
6030
20140
16610
14120
970
10480
16470
3960
1620
6840
9430
16880
11260
17420
15200
7210
20990
5130
15610
11650
7770
9940
2190
7720
0
5400
21490
18240
2720
16130
10330
8120
12460
5810
8940
22210
970
10870
19220
12980
3370
1300
8990
16940
9950
6490
11280
3790
20250
11480
14540
6940
10320
17380
0
2230
20560
10530
7290
350
17840
11070
12830
0
4650
2600
15490
11700
11370
290
5030
2950
13450
1900
19060
8950
15880
11720
13840
2260
12360
3470
19540
9210
1490
12180
2610
19820
12680
6950
14120
3860
1830
18350
12780
20040
10380
14440
4260
3160
18780
13880
7760
10860
2380
13370
0
15340
14330
11140
19340
6480
4150
3290
350
8880
11710
14140
0
4380
6940
16170
4140
4620
15730
12350
9740
860
14970
16630
4270
5040
8760
15300
12810
17030
16290
4970
9140
2420
5910
10390
15690
5480
16610
5230
17780
14450
6450
10980
17160
5890
15080
16840
10370
6950
4200
7090
6260
19470
10750
11890
17600
17270
18870
8340
11060
8430
7180
6730
17630
12680
18490
9450
11420
0
20410
7930
18150
7050
8750
18770
13380
12380
8250
0
8830
1150
13680
11980
21150
0
10110
600
12990
9280
2020
14620
9020
14030
0
1780
11260
14650
340
570
2810
10370
14730
15900
10350
1460
1770
2760
12630
16460
16560
11940
4880
15980
11200
2220
17020
2590
3560
13440
5530
17160
12250
13440
3430
18080
4420
17770
5920
15100
3420
12820
18100
18510
14600
5150
6750
19720
4850
18530
13890
16560
5470
4820
7300
20020
5810
16960
16070
14410
5410
5340
19540
0
6210
14860
0
7980
19940
18050
7080
16720
370
6710
370
6860
15470
18480
740
20690
7180
17590
820
8300
7310
9330
19700
18380
16700
8020
2270
10350
1880
9550
22550
8510
18780
8340
0
22960
11020
17710
3090
3480
20000
9270
11460
11690
9770
23750
630
18380
4090
12290
4670
18760
0
21820
10280
1550
12960
10620
12830
10710
4740
19860
780
13480
22470
11470
5450
3470
13920
11660
5540
22970
5820
21430
3890
14980
14460
23300
12090
13150
1860
6870
21750
15350
6530
15110
4900
13630
23650
2350
22130
12600
7580
7130
