180
200
220
160
290
240
240
190
330
590
240
340
150
230
370
740
530
330
510
1300
600
400
400
240
480
440
630
190
220
470
520
720
440
670
440
580
610
220
210
310
380
330
330
400
530
440
280
510
630
380
440
590
280
340
380
230
250
280
430
250
320
670
360
260
320
200
300
170
280
290
280
310
280
360
290
410
400
920
250
120
570
440
380
260
280
900
150
490
510
270
360
1510
620
580
240
600
310
650
210
1020
660
400
450
360
720
370
760
1220
400
500
350
440
860
690
230
290
500
330
310
300
310
310
250
310
910
500
340
930
290
280
240
760
810
320
180
330
120
290
680
190
110
510
390
490
350
200
1080
280
640
640
250
560
350
730
480
760
270
290
490
510
240
890
410
520
350
440
770
420
240
500
310
250
430
200
470
630
160
490
450
520
290
180
680
170
400
290
250
580
960
410
210
480
200
260
230
570
320
260
470
280
550
330
220
590
260
900
300
480
410
350
1130
400
280
730
620
540
940
710
1130
460
360
500
470
730
330
130
550
320
180
430
530
340
200
140
410
170
500
230
780
1040
300
190
510
420
510
900
520
170
1220
240
350
620
250
220
1370
560
270
470
500
200
340
420
640
970
320
410
160
300
360
470
460
200
300
1010
120
900
370
300
320
680
700
240
220
570
540
370
430
250
630
250
270
320
270
380
620
470
350
280
270
240
440
200
310
380
380
750
930
200
580
340
310
310
450
190
320
490
600
350
220
350
280
590
210
240
600
340
560
320
320
430
380
990
350
210
160
390
710
490
510
500
360
390
940
320
480
230
110
400
420
470
760
600
470
280
3700
770
970
260
890
780
1230
180
550
590
390
900
320
280
440
320
350
380
540
270
550
520
350
430
310
1000
930
180
550
360
1230
370
490
340
430
510
310
240
160
670
270
720
150
1810
180
570
350
930
340
810
430
350
570
610
870
510
320
230
740
520
450
870
480
170
530
520
670
420
230
560
340
270
470
520
330
360
370
700
150
660
200
550
380
1080
530
550
330
440
660
670
340
480
1140
480
680
470
490
430
240
1140
70
900
550
230
270
370
120
250
170
180
350
240
450
330
380
140
350
350
120
370
990
1190
120
550
660
550
300
520
190
470
420
230
1000
310
1040
1240
570
590
270
1250
460
330
260
940
230
330
580
310
1810
550
340
260
320
330
390
890
700
310
800
370
280
200
1270
430
840
440
320
350
250
250
280
390
1820
320
530
380
350
160
300
640
210
610
140
320
270
180
310
180
740
530
250
160
230
260
890
260
420
320
480
390
410
260
300
410
540
590
760
930
390
1080
580
530
590
910
530
500
290
310
470
610
710
360
430
170
820
560
460
140
500
230
150
170
200
560
230
320
650
480
530
350
910
570
1040
360
280
400
520
360
500
230
330
460
190
530
1120
530
540
130
480
660
110
850
510
930
240
240
560
430
300
590
170
230
950
510
560
350
530
510
350
460
580
330
520
930
1770
410
470
530
640
270
260
340
1140
680
640
320
540
390
520
400
470
610
520
270
870
1150
300
450
540
650
520
690
330
120
210
480
230
140
110
210
840
630
720
210
620
310
280
500
900
380
130
310
540
360
480
180
380
440
540
270
270
310
690
300
290
440
290
570
190
410
180
990
480
610
240
610
570
410
950
330
1140
410
700
670
510
220
640
770
180
1130
450
480
170
560
80
660
240
140
340
210
400
730
160
310
360
440
1050
630
290
840
330
680
690
670
590
620
820
650
500
310
770
1200
460
250
540
460
380
580
680
330
660
830
360
330
940
1370
240
750
350
550
590
420
290
870
470
980
480
950
540
560
340
510
290
190
490
210
320
400
450
410
160
230
490
290
720
240
390
330
630
320
480
250
750
690
650
200
280
190
500
200
250
190
440
870
250
340
350
830
250
550
460
440
1140
270
370
380
260
660
680
210
270
260
100
200
610
910
310
350
200
670
650
670
470
320
320
400
190
210
1190
500
920
720
1990
550
890
610
800
400
640
470
910
430
430
230
130
350
370
540
390
910
570
330
440
490
660
350
690
600
200
570
520
290
380
350
200
960
310
500
350
260
460
940
730
960
500
840
290
160
340
1350
190
460
970
1200
500
490
350
570
320
560
450
560
970
610
210
380
550
530
830
890
580
600
490
1060
470
790
300
410
590
300
390
400
250
330
180
300
1050
510
740
1050
520
130
340
710
980
990
200
480
480
360
490
430
780
640
520
540
560
390
270
200
620
610
290
250
200
290
1050
370
200
340
490
360
1040
940
760
260
340
330
900
360
500
390
1140
420
870
1130
590
450
400
500
450
340
540
1010
400
630
440
580
290
1030
370
640
430
200
630
350
1910
690
330
760
420
350
240
700
450
690
500
210
240
620
280
400
440
790
530
210
210
510
690
650
610
920
400
260
320
420
1690
1090
370
200
500
520
390
900
660
350
280
420
790
560
840
650
220
440
330
480
550
330
450
470
350
340
260
1250
800
620
180
660
330
310
1090
550
320
490
360
380
270
310
810
950
480
1870
750
200
440
750
240
410
500
1300
460
480
200
290
320
180
810
440
1040
370
680
720
380
480
440
440
940
260
560
410
430
860
680
210
580
910
420
270
320
320
470
570
560
500
420
740
470
1040
810
270
380
340
780
870
300
480
750
890
780
660
540
280
580
760
620
510
900
410
1180
840
230
420
1340
590
570
340
530
860
480
340
440
850
880
640
610
380
570
960
630
500
2310
490
1170
380
250
510
1070
890
430
400
610
360
570
230
310
370
560
370
570
610
310
590
1210
230
360
1260
1110
820
180
320
610
870
990
220
140
250
320
960
400
380
810
230
610
640
480
490
850
370
510
260
160
290
340
310
270
240
380
440
140
350
490
850
550
750
780
300
270
710
650
230
1090
580
820
630
440
420
210
590
380
1120
970
570
1080
1150
1490
710
930
560
600
1040
1950
750
770
700
840
660
270
1390
670
290
470
1340
1170
450
1040
1160
740
900
910
2040
1990
770
1300
1830
240
1000
520
330
1120
460
350
810
810
1160
570
700
1250
420
490
610
330
700
2280
770
730
240
290
200
520
1300
720
420
150
270
220
310
320
440
790
950
730
530
530
1200
500
260
930
270
890
660
370
690
820
860
980
340
890
380
620
630
1210
920
490
450
810
910
720
360
630
840
660
870
390
430
1430
940
410
290
890
700
720
730
600
820
1490
1080
520
1320
530
670
780
800
910
360
940
400
640
300
340
1330
350
300
740
830
1200
560
620
770
510
720
440
1430
320
420
300
210
350
840
390
1410
290
1210
800
340
500
1440
760
430
420
380
380
530
370
550
360
1010
470
690
1500
430
350
440
540
680
470
700
550
470
1350
300
290
3480
280
1570
330
300
490
890
1620
510
2090
910
760
270
310
1920
390
570
1010
340
1280
720
430
360
380
170
270
560
850
270
1490
790
490
760
290
1680
350
330
550
610
260
530
580
700
710
530
880
790
650
450
770
990
650
560
510
420
650
830
220
370
550
350
550
860
300
1270
990
310
780
2110
670
600
610
510
410
360
1070
400
780
210
1130
450
600
400
1160
1210
460
560
240
2190
320
740
410
260
680
760
1430
710
920
590
670
740
790
550
470
720
1360
1250
490
490
500
2140
530
910
1260
1570
1930
460
440
1630
1200
1850
320
330
1120
1370
1170
1000
840
1120
400
220
1440
680
400
1400
550
330
990
440
600
250
1410
240
670
380
380
350
360
1700
300
350
800
710
600
220
390
960
900
1130
1490
280
500
400
310
1000
550
1870
750
1290
1220
1170
900
1220
360
800
480
410
770
690
650
1300
1420
370
1210
1370
310
270
420
970
820
300
350
360
970
390
410
480
420
870
680
330
330
480
520
320
180
310
520
170
390
940
350
420
380
410
480
1030
1970
460
290
770
530
560
500
560
860
500
760
390
1030
370
960
430
810
300
300
170
730
720
420
350
240
790
390
210
350
380
440
550
490
270
510
890
1040
1080
1010
1030
1090
250
300
1130
370
1140
1240
550
290
780
220
350
980
1240
470
410
1250
1110
380
370
1010
840
1530
830
710
690
480
540
660
930
840
360
450
290
340
940
460
360
490
870
1380
470
1170
750
2110
2840
1030
1000
460
470
1060
430
1250
1730
920
710
660
850
370
820
850
1200
1440
1300
1040
2070
1540
860
1220
770
1620
530
1540
1670
650
970
240
1130
1640
810
530
1060
640
180
1300
720
560
570
360
840
620
350
1280
1630
1350
1280
510
620
810
1090
500
720
700
140
480
690
680
920
780
560
2090
410
940
240
980
820
370
350
1160
420
700
1360
1320
920
1090
450
1560
320
960
800
730
610
860
790
690
920
540
680
780
650
480
2020
730
960
330
620
180
960
300
350
370
1310
450
420
1550
660
450
900
960
1670
740
1180
380
670
700
1170
960
340
210
840
490
1620
1020
430
480
400
560
640
1190
320
330
780
500
350
320
340
940
410
520
1540
330
490
300
610
940
1020
540
660
570
450
420
640
360
640
1480
1300
2050
860
370
390
1110
1080
1580
1300
540
660
790
2790
1400
630
850
410
1010
740
520
870
490
840
340
610
740
500
280
1330
950
450
1310
930
600
1150
590
230
370
5490
760
320
430
940
320
350
810
550
1220
2390
910
1410
1380
1480
2420
1450
720
760
810
720
620
1450
590
500
980
470
1160
320
450
1020
510
1910
1080
1030
650
760
1000
420
320
670
1120
1640
330
640
450
440
400
2340
500
300
480
710
680
390
410
1630
450
290
440
480
350
350
320
460
1120
310
1200
290
660
390
430
250
500
840
570
200
250
760
1130
550
590
250
1030
610
520
470
1360
980
500
1290
260
850
710
1960
210
1060
1810
650
1270
910
720
460
450
660
1730
800
1420
400
320
1260
320
2440
1500
610
400
310
350
1750
440
700
340
410
720
410
990
460
370
770
1080
660
850
310
3530
270
860
300
200
1280
480
410
440
350
160
300
280
310
350
880
630
330
1110
910
540
600
1310
1180
680
400
940
1580
790
870
1270
410
890
760
690
1550
350
850
1370
940
580
600
710
90
480
780
750
1030
660
440
480
1120
880
410
480
560
1690
520
400
480
1450
570
910
450
490
180
590
160
320
550
830
1060
570
450
880
1300
350
400
510
630
570
910
1280
830
530
1450
1280
1250
460
1360
350
330
1920
1080
1290
420
1890
230
280
690
770
430
330
330
880
800
590
550
260
270
650
710
550
930
720
420
290
430
300
280
300
530
1940
480
490
660
640
1260
850
760
2630
410
850
340
1630
510
320
880
750
930
660
250
1180
850
630
690
490
580
900
430
370
180
990
1150
380
350
1070
470
370
390
370
130
460
820
660
810
260
370
480
730
380
350
550
1100
550
610
760
1330
700
650
480
250
1010
1570
670
490
2430
1000
1660
1400
300
360
820
760
660
920
660
710
680
1890
560
1620
960
510
980
490
200
890
1450
260
340
400
360
1100
360
1040
930
470
480
380
490
400
330
330
420
500
620
320
180
640
660
770
690
590
510
380
1060
650
1170
1560
470
710
470
490
380
1000
830
370
750
670
850
2390
700
920
470
570
1560
290
2180
530
590
310
1350
950
190
560
390
280
460
660
1490
390
590
380
500
560
800
1290
470
400
1010
1930
570
870
470
440
470
400
500
480
520
380
510
700
620
400
570
470
1020
300
1690
1170
2150
340
520
460
570
1090
600
610
350
760
1090
980
1130
1120
740
330
950
520
520
1580
730
410
760
600
460
850
1620
840
2690
980
630
430
330
760
680
450
460
450
520
360
740
530
430
1580
450
1860
1050
520
480
800
960
720
750
1110
910
1400
490
810
400
320
570
500
1140
780
530
380
520
1620
250
370
450
490
760
1530
310
1030
430
530
490
1290
380
420
890
1260
600
1100
980
970
1190
660
1050
1990
800
1420
870
300
650
250
1010
640
820
500
500
550
1050
800
780
750
1160
530
1080
820
510
1340
200
550
230
1110
240
1290
380
480
450
300
340
310
300
430
350
330
650
510
1300
350
590
950
510
390
370
1030
640
440
1060
610
860
380
590
480
660
630
360
710
400
450
360
360
340
410
830
320
260
650
830
1250
260
970
360
1000
600
390
300
350
1070
360
1040
790
780
270
490
630
790
970
740
260
360
730
920
830
330
540
550
290
410
740
740
1070
610
410
480
470
770
1360
400
380
500
570
830
490
590
420
540
400
730
1580
1380
1130
570
2200
640
390
1210
870
740
560
260
1630
1070
870
560
590
820
1320
940
1090
1420
1100
1520
390
720
930
360
330
670
530
2060
2300
410
1550
1200
670
450
630
970
370
2940
430
830
350
510
530
770
900
1730
910
550
430
290
1100
770
800
960
1410
1040
1000
360
1360
490
440
1400
460
1500
410
910
900
580
1280
550
390
490
860
870
710
1490
310
510
600
410
460
480
470
760
210
500
370
280
540
390
2460
340
440
410
590
470
350
860
300
390
290
1020
880
430
330
440
640
450
410
490
510
1980
830
580
580
800
380
690
450
950
810
680
1000
500
500
910
1190
1410
870
930
670
420
610
1180
570
310
590
480
510
780
720
650
930
550
1510
540
460
1380
670
450
610
1080
550
1140
450
1120
1000
630
710
980
1450
2450
1170
1550
830
330
420
1220
640
640
580
960
480
550
1290
540
590
660
490
540
600
1010
1260
380
780
680
1300
780
1760
730
250
720
390
450
1240
780
550
370
220
900
400
350
390
580
1120
470
530
540
430
330
430
820
360
2750
700
740
860
350
1150
360
410
330
420
890
920
350
1660
280
380
580
760
440
580
950
630
570
720
340
1200
520
500
460
290
610
470
930
1290
720
410
1470
1070
2270
1020
630
940
840
1290
500
1170
1310
850
2540
740
810
1290
1010
940
1380
1010
1030
1650
660
460
450
1200
1020
1020
300
1230
4270
4010
1190
520
390
490
550
650
340
420
790
920
480
630
790
1110
860
720
690
850
800
1330
950
900
1010
740
1540
890
1600
430
800
800
1120
1860
490
960
560
560
1060
530
760
440
1740
1730
1470
2150
930
880
2100
1670
1170
460
770
390
830
1030
990
470
800
890
1430
1050
260
2070
1800
1170
1770
1260
930
570
1650
640
780
1490
390
1230
660
710
1240
1170
780
410
860
310
1000
830
980
1010
1390
2690
270
460
820
460
830
1310
420
1320
530
390
810
520
490
980
860
820
2500
400
440
700
1080
1110
600
870
1060
900
1670
1510
520
1640
710
1660
770
2430
350
510
940
980
1170
3510
970
620
2150
740
750
850
1120
910
890
470
1140
850
740
1220
1430
670
1430
640
1620
580
470
2150
730
250
1240
780
260
990
350
680
790
670
770
520
1110
1070
630
950
1610
660
510
830
790
620
1230
2300
700
900
690
610
1170
570
690
2100
1470
880
840
340
1130
600
1460
790
530
810
290
410
860
1590
420
650
740
960
550
1370
970
1430
790
1230
860
450
540
590
450
720
1690
550
330
1350
1150
2290
660
1680
1140
1090
1000
1010
690
330
740
580
490
890
1360
1530
750
580
390
560
610
390
1100
370
2700
520
330
290
530
450
3980
1110
1060
1150
1080
1040
2170
620
600
380
920
920
560
1220
470
680
890
470
1520
720
930
1380
570
910
850
1720
980
350
330
210
900
310
1530
440
370
440
350
390
280
870
1470
1490
830
690
320
440
1060
1200
180
410
310
330
390
410
1560
960
1480
450
270
760
1000
1060
1120
390
370
250
660
1260
1080
790
560
330
1060
1020
1190
630
680
1230
440
770
520
1200
730
1240
1040
920
760
430
900
820
350
1270
1220
380
1350
630
2590
390
1130
1090
970
1110
1990
400
390
1740
580
480
460
1020
550
880
540
790
650
700
280
670
510
790
720
520
1030
1330
1370
860
1240
450
1270
460
880
1500
1040
390
790
810
700
1640
480
1250
600
2200
870
390
1100
1480
630
2290
560
390
450
1470
750
900
400
400
3130
870
850
930
430
2420
1160
740
850
2000
1580
940
580
1010
650
2040
890
650
1150
1160
720
1140
610
750
1050
550
570
510
360
550
590
220
660
530
570
220
580
1010
1190
1010
660
490
1100
340
1080
1330
640
330
290
280
1070
1020
2180
880
950
620
770
710
740
370
1400
1320
300
280
2490
1930
1000
970
950
540
1150
570
580
330
400
520
390
1080
300
710
410
420
320
450
820
780
220
420
620
960
1400
420
600
550
260
620
510
1030
610
720
390
620
520
420
480
390
420
630
290
410
520
1030
2000
1460
1090
640
750
650
890
970
270
1760
740
1540
1120
510
1450
290
1580
450
380
550
410
810
160
790
1370
630
690
410
560
510
420
490
430
270
480
670
770
410
560
700
510
450
480
800
650
470
1370
540
560
340
600
820
730
610
800
610
380
330
490
420
620
1070
260
420
520
550
640
340
320
550
400
380
360
650
360
240
1140
450
370
260
400
640
1210
430
570
370
960
740
960
1340
870
570
880
380
610
330
310
560
1370
330
430
590
670
380
460
680
770
340
970
970
390
560
340
840
910
310
410
480
1040
460
1260
450
640
600
460
390
420
540
480
510
390
520
920
420
430
970
390
690
80
900
220
280
380
510
690
470
990
1150
320
490
370
460
460
240
920
790
670
700
670
500
740
1040
840
1820
1190
510
350
590
440
460
1350
740
610
570
560
690
580
400
490
1990
710
310
1060
1530
1290
420
760
460
1150
370
580
370
600
1110
870
1070
960
1330
530
960
1040
500
380
1820
500
460
220
780
530
650
910
370
790
800
980
1630
560
460
450
370
900
630
300
900
560
450
370
480
690
510
400
710
750
260
310
510
1610
310
310
330
1550
790
410
390
1460
220
320
390
950
380
1460
940
230
830
480
650
440
330
350
320
1200
780
890
480
770
890
1040
680
400
600
210
340
620
430
1360
940
620
370
1190
570
830
1090
800
540
1530
560
1540
840
900
440
1460
760
410
750
780
500
1350
700
970
390
1080
630
1470
930
540
350
1300
760
760
1510
1040
1410
520
430
990
1850
410
530
530
1760
500
1160
430
800
1180
2150
650
580
1100
390
330
970
520
400
1380
1760
1220
460
930
370
630
660
900
870
190
480
600
580
360
540
1760
500
250
720
320
460
350
320
320
1470
290
360
2180
310
1090
1210
310
420
400
2770
350
260
990
430
320
270
190
330
690
770
710
510
550
270
2140
680
450
320
410
1000
860
710
1890
690
670
680
1130
350
1280
200
870
400
930
460
540
260
740
380
1210
710
430
260
160
830
600
490
590
770
540
700
590
570
1230
330
400
550
710
560
470
590
810
990
340
1250
980
1040
1070
1050
800
320
340
380
370
240
550
1590
620
320
1220
380
960
380
1530
1090
880
300
850
530
420
340
2410
500
600
420
1070
870
580
1410
510
720
640
1270
410
2750
1070
470
2110
800
730
790
1000
540
540
320
600
540
530
490
700
510
360
750
640
470
630
740
600
960
660
1990
1800
410
530
1560
890
660
1070
1100
410
950
1430
2600
620
1230
2130
2270
520
1460
500
370
960
850
820
490
570
570
630
1310
740
810
770
1970
1750
360
440
560
670
910
200
1090
840
410
430
730
1120
330
340
350
390
2220
810
1170
1490
570
880
2280
740
530
710
540
560
180
510
660
440
750
460
640
920
2350
340
850
370
780
530
1160
430
990
500
1030
1260
470
360
2140
280
1050
860
2320
590
550
390
1450
400
430
480
450
310
1330
590
940
880
1820
1190
460
830
1130
480
350
1400
540
240
1020
470
1390
610
930
660
1260
500
430
470
850
360
510
1020
900
660
440
520
1490
460
510
540
410
570
460
1130
270
460
670
420
850
600
430
490
980
1150
860
490
550
410
520
390
530
340
480
750
1240
330
280
1040
300
190
450
390
790
880
680
1190
530
360
450
440
830
410
1030
240
390
1240
250
120
590
490
370
690
1910
410
460
1080
500
380
790
570
620
1470
1700
1210
590
500
2010
660
3130
1330
1240
390
1280
750
440
660
560
1130
560
330
630
2530
840
1310
1340
390
860
430
1450
390
480
410
4920
870
540
1020
1260
520
450
1000
560
430
750
700
550
1580
1090
960
680
510
870
740
300
240
390
310
1460
370
840
1190
1060
510
770
590
580
910
490
280
920
400
570
1060
620
430
680
580
640
490
1400
760
490
550
550
860
800
730
510
710
650
740
1120
1470
600
940
610
680
620
780
360
280
830
360
1340
1360
800
280
780
270
750
1170
870
620
680
670
1090
330
380
230
660
490
790
330
670
270
410
400
920
1400
350
540
2290
430
1160
720
1280
250
250
730
440
1730
1340
500
450
1880
1020
850
810
800
320
2430
610
800
450
2490
760
420
290
1260
300
1330
1660
780
700
230
580
450
570
670
470
510
440
540
990
1250
440
750
410
1400
410
2310
710
370
430
1720
570
430
490
470
710
480
410
380
850
1050
800
520
380
660
1230
470
740
580
780
340
1150
400
300
770
280
640
940
580
710
460
1210
250
1030
270
540
390
1230
550
920
1270
910
1350
1330
2550
990
870
1280
390
390
850
820
460
990
3810
550
620
1290
370
970
780
420
1080
500
310
1670
500
910
230
530
610
460
900
1440
820
660
330
1080
890
890
510
460
1730
430
400
490
1060
1000
430
2470
1110
1110
890
320
1360
1660
750
670
400
310
1390
2220
540
820
340
1390
500
470
1290
580
530
1240
400
1300
400
880
680
820
620
1130
680
950
540
540
520
840
400
1500
1260
280
1020
870
1960
440
970
1100
780
770
880
180
460
630
1610
780
490
320
360
1410
260
340
960
460
1340
580
630
1050
510
560
1060
370
170
110
200
250
340
1840
410
280
650
410
570
380
1150
130
1100
900
1450
160
460
390
810
530
550
860
860
280
2080
860
430
250
1070
330
160
260
180
410
550
520
840
740
2220
760
330
970
540
420
1520
740
1110
740
1440
3280
640
990
530
530
610
470
440
700
540
600
410
1110
560
320
370
530
230
410
870
490
1580
1550
510
650
450
720
1690
1240
670
460
460
890
410
640
670
750
1580
960
470
240
900
620
450
440
820
320
370
1100
690
630
370
1540
1650
1190
730
1270
970
1440
1650
1690
330
1010
1060
690
710
1360
690
1010
590
370
280
1060
1270
480
660
870
350
450
1480
340
500
390
500
410
1160
420
440
520
2180
380
430
630
350
330
290
670
1660
970
560
530
730
270
580
1110
320
1310
1240
370
730
820
540
300
280
2590
330
370
310
490
860
420
290
250
290
300
600
1150
1080
1120
1000
530
340
1110
410
510
370
520
440
160
990
470
380
690
500
400
220
1270
300
480
1170
450
690
940
500
620
2570
1460
420
1620
610
910
1060
670
1280
1480
490
1510
1370
960
530
570
1270
450
210
420
490
540
520
610
190
550
440
1450
1450
260
470
910
430
630
400
1470
1060
1420
420
2590
1100
1000
560
600
710
950
390
1410
1400
620
1210
340
570
720
340
670
840
350
460
1320
420
1270
970
2090
1640
910
540
980
1040
680
790
1050
410
830
700
170
1710
1710
710
1190
1220
1070
1160
4060
1020
1010
1210
1390
1390
940
1490
930
620
1040
700
510
490
1490
1370
1560
840
1270
800
390
920
680
850
800
1960
820
790
750
980
1450
2320
1330
970
860
760
610
1400
600
220
1560
540
2270
70
220
1230
610
790
490
1460
910
360
1440
1120
2210
1550
490
1760
720
990
2180
450
610
800
580
980
590
1360
2450
2210
570
1900
930
960
1440
360
330
320
920
950
1510
920
1080
680
1150
2290
240
1180
770
1400
930
880
1150
1730
1130
510
1450
780
1000
910
1660
1250
800
800
1050
830
1250
1520
1460
1260
960
1610
820
590
570
780
760
1410
910
670
1080
680
750
1120
570
580
370
550
450
650
610
490
660
450
330
230
330
560
510
240
1110
410
270
630
460
380
1080
1150
250
420
360
1260
3660
270
920
1030
450
610
580
960
290
890
270
380
890
190
810
850
510
340
280
1160
1240
370
1890
380
1640
800
1520
550
860
990
1020
420
410
510
190
2400
180
640
390
1220
400
280
760
600
1170
330
1430
1180
1070
640
330
630
860
1630
620
1590
420
270
410
280
2330
390
460
670
510
370
580
1820
260
460
2350
800
370
1080
1470
370
390
3120
1710
350
2220
1020
960
950
440
640
750
340
330
570
580
300
400
1320
380
360
390
1420
790
620
710
580
1510
1660
1150
560
370
850
1070
1010
1220
950
850
740
580
860
880
930
750
740
1620
1230
1800
1380
2890
1730
1110
730
1280
1360
530
1460
520
920
770
1110
790
850
460
570
1040
540
320
410
890
1290
570
390
790
740
540
940
770
630
1430
1310
900
1190
1140
1050
710
790
530
700
900
1050
740
510
1040
600
1330
1330
810
740
650
1040
1490
960
320
830
430
840
260
1330
380
1890
980
1270
250
650
290
490
530
650
900
1740
410
780
810
1080
1180
850
1170
410
390
930
510
570
510
790
270
500
820
530
520
390
400
810
410
1170
720
970
540
980
520
650
330
870
810
1010
680
410
420
1030
200
1560
450
1330
440
1800
930
310
580
350
350
460
750
1350
360
860
370
950
1170
300
290
380
350
620
1550
1220
1660
390
350
390
360
660
520
480
260
1200
460
350
280
320
1920
280
390
340
2470
600
220
1170
320
400
550
430
1200
810
480
550
590
2060
900
450
280
560
2220
990
910
350
1120
570
770
410
230
460
830
850
240
1400
640
860
860
830
460
3920
420
1820
330
460
400
560
830
380
1560
870
650
390
510
320
960
750
1640
540
590
550
660
630
1150
1230
1470
1780
640
370
1690
380
910
760
2190
1710
1390
310
1340
920
2530
360
790
890
1110
360
2750
1540
750
520
320
320
280
700
960
1200
360
900
1150
300
2530
740
1090
1360
600
610
450
870
940
770
2050
1230
1180
1150
1660
340
570
790
1090
700
1280
1330
1120
1200
980
1370
560
1910
1570
2070
1250
850
760
460
820
800
810
650
1180
1050
1500
1210
1620
860
750
390
1660
830
570
940
740
1160
730
830
1640
1420
430
1070
1460
320
1400
550
1510
340
400
1470
520
560
520
1010
2680
400
450
1140
680
400
1090
1670
650
370
500
370
1520
610
430
370
750
470
870
450
1220
450
1350
1220
790
1230
840
1530
1020
1060
1250
1860
1200
400
320
780
410
670
1010
1210
1210
1220
930
440
2140
1260
790
630
670
1000
600
1190
380
560
1820
1010
920
1500
850
540
430
650
1100
780
520
650
850
780
1920
1090
950
800
500
370
1570
420
1500
540
330
430
1680
1080
1330
320
370
710
650
1010
480
350
490
380
510
710
600
